Results:

30 Iteration ,Non ESG ,500 epochs:
Final Statistic
[0.024522412568330765, 0.06083104386925697, 0.1493348479270935, 0.08779894560575485, 0.09269478917121887, 0.01406045537441969, 0.05032927170395851, 0.03987248241901398, 0.006170572247356176, 0.02665053866803646, 0.02363334409892559, 0.0707041472196579, 0.03600824251770973, 0.044395867735147476, 0.05124596878886223, 0.14377513527870178, 0.028509553521871567, 0.04368642717599869, 0.006278191693127155, 0.009486978873610497, 0.055958546698093414, 0.09659798443317413, 0.027032988145947456, 0.031032077968120575, 0.035224799066782, 0.029869528487324715, 0.006977449171245098, 0.13086830079555511, 0.06408803164958954]
Avarage Loss
0.05129789389220291
Finished

30 Iteration , ESG ,500 epochs:
Final Statistic
[0.00881324615329504, 0.026817554607987404, 0.02161421626806259, 0.08915266394615173, 0.07402074337005615, 0.010026113130152225, 0.01039822120219469, 0.015722151845693588, 0.007394980173557997, 0.05389514937996864, 0.022458013147115707, 0.09031089395284653, 0.051173292100429535, 0.0056211091578006744, 0.029358800500631332, 0.11022833734750748, 0.046923451125621796, 0.020420987159013748, 0.005941533017903566, 0.012563308700919151, 0.03968684375286102, 0.030574781820178032, 0.019685115665197372, 0.010826446115970612, 0.05130931735038757, 0.010155029594898224, 0.016237501055002213, 0.012260712683200836, 0.0067888288758695126]
Avarage Loss
0.03139239114484396
Finished



Reproduction RUN

30 Iteration ,Non ESG ,500 epochs:
Final Statistic
[0.01741543598473072, 0.019286803901195526, 0.08825690299272537, 0.08556210249662399, 0.0625995546579361, 0.012092109769582748, 0.049311231821775436, 0.03389681875705719, 0.01046505756676197, 0.07394757121801376, 0.08146703988313675, 0.052763134241104126, 0.03896811977028847, 0.01924251578748226, 0.0495695136487484, 0.13201184570789337, 0.046653736382722855, 0.01451270841062069, 0.009159266948699951, 0.013093393296003342, 0.059355057775974274, 0.03551100194454193, 0.012854608707129955, 0.02284971810877323, 0.0943441092967987, 0.038077015429735184, 0.012895564548671246, 0.08490341156721115, 0.02311696484684944]
Avarage Loss
0.04462697639547546
Finished

30 Iteration , ESG ,500 epochs:
Final Statistic
[0.006373462732881308, 0.011392025277018547, 0.05945246294140816, 0.03959479555487633, 0.019663039594888687, 0.03623179346323013, 0.04797838255763054, 0.022054942324757576, 0.007104230113327503, 0.014551338739693165, 0.02097669616341591, 0.11428380012512207, 0.11411786079406738, 0.05679269880056381, 0.09266463667154312, 0.01917904056608677, 0.09001801162958145, 0.025844722986221313, 0.003757730359211564, 0.009144842624664307, 0.009996561333537102, 0.005918819922953844, 0.03621947020292282, 0.014642742462456226, 0.06551952660083771, 0.012048239819705486, 0.01722666062414646, 0.022075271233916283, 0.004186800681054592]
Avarage Loss
0.0344486416173007
Finished